CowID	date	parity	DIM	BCS	BW_raw	BWraw_chg	BW_smooth	BWsmth_chg	DMI_PMR	DMI_pellet	DMI	CO2_g_d	O2_g_d	CH4_g_d	milk	milk_fat	milk_prt	milk_lac	MEI	milkE	HP_Greenfeed	RE	tissueE
920	2018-11-01	3	285	3.03	721.6	"0.5"	723.2	0.013	19.74	1.84	21.58	13756.5	9361.6	350.8	27.34	4.48	3.94	4.81	54.16	22.5	33.48	20.68	-1.82
920	2018-11-08	3	292	3.04	733.3	"2.857"	731.2	1.807	19.78	2.3	22.07	13780	9326.5	353.8	29.14	4.33	3.93	4.79	55.38	23.53	32.2	23.18	-0.35
920	2018-11-15	3	299	3.17	742.7	"0.833"	741.8	1.123	20.84	2.13	22.97	13664.3	9076.3	349	29.31	4.38	3.91	4.77	57.34	23.74	32.08	25.26	1.52
920	2018-11-22	3	306	3.16	738.3	"-1"	737.8	-1.627	18.1	1.82	19.92	13809.4	9237	346.1	25.37	4.31	3.95	4.75	50.58	20.43	33.74	16.84	-3.6
928	2018-11-01	2	448	3.2	696.7	"5"	696.6	2.213	23.85	1.6	25.45	13745.1	9156.5	340.6	26.41	4.97	3.64	4.77	61.97	22.46	31.72	30.25	7.79
928	2018-11-08	2	455	3.16	705	"-1"	706.4	0.817	23.08	1.58	24.66	13727.2	9027.3	333.2	26.28	5.01	3.64	4.74	60.42	22.4	34.23	26.19	3.79
928	2018-11-15	2	462	3.3	709.3	"-0.5"	706.5	-0.538	23.41	1.5	24.92	13585.7	8983.2	332.6	25.5	5.15	3.66	4.74	60.93	22.1	34.83	26.1	4
928	2018-11-22	2	469	3.3	718.2	"0.167"	711.1	1.553	21.53	1.38	22.92	13450.3	8955.1	329.1	22.41	5.34	3.67	4.74	56.8	19.84	33.71	23.09	3.25
936	2018-11-01	3	61	3.06	707	"-14.5"	727	-9.448	22.77	2.61	25.38	13407	8907.6	324.3	47.23	3.93	3.17	5.08	62.31	34.94	33.68	28.64	-6.3
936	2018-11-08	3	68	3.06	701.5	"1"	706.5	2.176	21.09	2.71	23.8	13299.9	8923.7	326.2	44.57	4.19	3.19	5.04	58.76	34.02	32.6	26.16	-7.86
936	2018-11-15	3	75	3.2	723.2	"."	720.8	-0.116	24.31	2.4	26.7	13106	8828.4	326.7	45.66	3.88	3.25	4.97	64.92	33.57	33.88	31.04	-2.53
936	2018-11-22	3	82	3.2	710.1	"-0.714"	710.3	-1.066	19.32	2.2	21.53	12800.2	8744.8	319.4	42.35	3.67	3.18	4.96	53.91	30.14	31.95	21.97	-8.17
940	2018-11-01	3	134	3.2	869.1	"-1.333"	869.3	-1.427	28.18	1.63	29.81	12898.1	8863.8	329.1	38.28	4.47	3.79	4.6	72.67	30.84	37.96	34.71	3.87
940	2018-11-08	3	141	3.34	875.1	"2.429"	874.4	2.455	28.06	2.04	30.11	13074.5	9008.4	341.6	38.38	4.59	3.83	4.57	73.26	31.38	36.61	36.65	5.27
940	2018-11-15	3	148	3.38	884.5	"1.5"	883.1	-0.61	28.68	2.01	30.69	13149.3	9033.7	342.8	37.37	4.8	3.81	4.55	74.58	31.23	36.94	37.65	6.42
940	2018-11-22	3	155	3.3	869.9	"-1.286"	871.9	-0.934	24.08	2.18	26.26	12953.2	8959	339.2	33.97	4.61	3.8	4.51	65.31	27.7	35.31	30	2.3
950	2018-11-01	2	194	2.13	731.8	"."	734.8	-6.188	22.89	0.48	23.37	13026.3	9100.6	345.3	31.25	4.18	3.56	4.82	57.07	24.26	34.51	22.56	-1.69
950	2018-11-08	2	202	2.14	712.6	"-2.6"	716	-1.201	24.62	0.72	25.34	13239.4	9131.1	343.7	32.53	4.81	3.62	4.79	61.72	27.17	32.91	28.81	1.65
950	2018-11-15	2	208	2.15	724.2	"3.833"	720.7	0.585	24.97	0.98	25.95	13637	9338.2	360.3	32.82	4.78	3.75	4.65	63.01	27.37	32.95	30.06	2.69
950	2018-11-22	2	215	2.23	719.8	"1.333"	724	3.853	23.25	1.23	24.48	13455.4	9280.5	352.4	33.05	4.79	3.73	4.69	60.13	27.61	33.2	26.93	-0.68
953	2018-11-01	2	410	3.7	945.5	"-5.2"	946.6	-1.335	22.6	0.97	23.57	13858.8	9435.5	364.5	19.55	5.15	3.74	4.4	59.74	16.78	35.46	24.28	7.5
953	2018-11-08	2	417	3.7	958.6	"6.429"	957.2	2.69	22.18	1.2	23.38	13963.4	9608.4	386.1	19.85	5.15	3.86	4.17	59.41	16.98	35.29	24.12	7.14
953	2018-11-15	2	424	3.76	962	"0.143"	962	-0.222	22.58	1.19	23.76	13657.3	9402.8	378.6	19.09	4.82	3.82	4.39	60.3	15.89	34.82	25.48	9.6
953	2018-11-22	2	431	3.77	963.9	"-3.857"	962.9	-1.019	19.75	1.45	21.2	13435.5	9215.2	375.5	18.57	4.55	3.79	4.27	54.54	14.85	34.75	19.79	4.94
954	2018-11-01	2	364	3.8	766.6	"0.667"	767.8	2.53	19.63	1.13	20.76	13278.3	9244.3	389.1	14.8	5.06	3.72	4.68	52.45	12.71	35.2	17.26	4.54
954	2018-11-08	2	371	3.84	786	"3.857"	787.3	2.916	21.11	1.82	22.93	13355.1	9161.9	408.9	18.29	4.84	3.77	4.62	57.5	15.36	35.73	21.77	6.41
954	2018-11-15	2	378	3.9	804.7	"3"	802.6	1.426	22	1.55	23.55	13499.4	9119.7	420.6	16.6	4.59	3.72	4.72	58.82	13.57	39.41	19.41	5.83
954	2018-11-22	2	385	3.9	812	"."	812.7	1.57	19.27	2	21.27	13189.2	8833	422.8	15.6	4.9	3.8	4.58	54.09	13.19	37.27	16.82	3.64
974	2018-11-01	2	50	3.11	735	"-7.5"	736.1	-3.39	26.96	1.65	28.61	13280.1	8715	426.6	44.98	4.17	3.41	4.83	68.68	34.45	35.2	33.48	-0.97
974	2018-11-08	2	57	3.17	740.3	"."	737.6	3.592	25.53	2.09	27.62	13943.6	9061.7	459.2	45.93	3.94	3.47	4.81	66.89	34.33	34.36	32.53	-1.81
974	2018-11-15	2	64	3.28	741	"."	747	-2.405	28.76	2.31	31.07	14098	9235.2	463.3	42.51	4.01	3.49	4.83	73.8	32.1	34.46	39.34	7.24
974	2018-11-22	2	71	3.2	736.1	"."	735.5	-0.808	23.25	2.06	25.31	14245.4	9261.3	469.8	41	4.42	3.5	4.78	62.08	32.47	35.07	27	-5.47
4238	2018-11-01	4	236	2.8	761.5	"-1"	763.2	-1.473	28.41	0.57	28.99	14023.6	9210.1	451.8	44.21	4.06	3.25	4.4	69.69	32.22	38.5	31.19	-1.02
4238	2018-11-08	4	241	2.77	760.3	"0.429"	759.5	-0.408	29.53	1.97	31.5	14044.7	9311.2	457.3	45.81	4.23	3.27	4.4	74.7	34.19	36.97	37.73	3.54
4238	2018-11-15	4	248	2.9	763.2	"-0.667"	761.9	0.194	29.56	2	31.56	14097.4	9564.6	450	44.88	4.42	3.26	4.43	74.88	34.34	39.13	35.75	1.42
4238	2018-11-22	4	255	2.9	754	"-0.143"	759.2	-0.306	26.8	1.49	28.29	13972.5	9594.2	440.8	41.48	3.95	3.23	4.45	68.3	29.88	37.69	30.62	0.74
4289	2018-11-01	4	78	2.71	749.7	"1"	747.5	0.005	26.9	1.57	28.46	14061.2	9663.4	442.6	47.14	3.82	3.22	4.95	68.56	34.37	36.81	31.75	-2.62
4289	2018-11-08	4	85	2.66	742.7	"3.571"	741.7	0.273	26.66	1.82	28.48	14181.9	9674.5	442.4	48.91	4.2	3.31	5	68.61	37.63	38.27	30.34	-7.29
4289	2018-11-15	4	92	2.81	747.6	"-0.714"	748.1	-0.742	28.89	1.66	30.55	14115.7	9761.7	433.4	48.92	3.77	3.29	4.95	72.67	35.57	39.12	33.55	-2.02
4289	2018-11-22	4	99	2.87	739.1	"-1.429"	741.3	0.959	24.48	1.81	26.3	14203.3	9851	441	47.99	3.74	3.21	4.91	64.2	34.45	38.26	25.94	-8.51
4313	2018-11-01	3	321	2.81	764.3	"0.5"	771.1	-0.127	25.64	1.89	27.52	14342.7	9842.7	446.9	33.22	4.68	4.48	4.83	67.04	28.97	40.25	26.79	-2.18
4313	2018-11-08	3	328	2.76	767.1	"-2.571"	768.3	-0.634	25.32	1.28	26.6	14370.1	9786.6	449	32.63	4.77	4.45	4.82	65.04	28.66	39.6	25.44	-3.21
4313	2018-11-15	3	335	2.91	769.9	"2.714"	768.6	0.412	26.08	1.5	27.58	14777.2	9961.6	473.9	31.11	5.04	4.5	4.78	67.02	28.14	39.27	27.75	-0.39
4313	2018-11-22	3	342	3	765	"-2.429"	765.7	-1.091	22.45	1.62	24.07	14179.5	9695.2	445.3	27.64	5.24	4.59	4.74	59.63	25.61	37.07	22.56	-3.05
4328	2018-11-01	4	26	3.1	809.1	"-3.5"	812.8	-1.834	22.43	1.96	24.39	13962.6	9450.4	446	38.93	5.76	3.33	4.73	60.87	35.21	37.95	22.92	-12.29
4328	2018-11-08	4	33	3.01	825.7	"4.286"	821.5	1.498	24.44	2.09	26.53	14182.1	9425.6	466.4	36.85	5.29	3.45	4.75	65.47	32	36.89	28.58	-3.42
4328	2018-11-15	4	40	3.07	812.9	"-0.143"	813.9	-0.613	25.52	1.28	26.8	14121.2	9437.8	474.9	40.28	5.43	3.44	4.8	65.71	35.57	37.54	28.17	-7.4
4328	2018-11-22	4	47	3.09	800	"-4.857"	800	-5.453	23.84	1.56	25.4	13841.9	9541.4	443.9	39.32	5	3.46	4.82	62.74	33.24	39.66	23.08	-10.15
4330	2018-11-01	4	51	2.74	767	"1.5"	767.1	0.442	27.5	1.83	29.33	13661.3	9530.4	434.7	44.81	4.89	3.24	4.68	70.61	36.62	35.03	35.58	-1.04
4330	2018-11-08	4	58	2.71	770.6	"-1"	772.3	1.062	27.88	2.28	30.17	13176.3	9291.1	396.7	44.46	4.58	3.51	4.77	72.35	35.87	35.4	36.95	1.08
4330	2018-11-15	4	65	2.69	777.4	"0.857"	777.1	-0.362	28.44	1.69	30.13	13593.4	9554.9	419	43.62	5.11	3.48	4.71	72.26	37.16	35.31	36.95	-0.21
4330	2018-11-22	4	72	2.86	779.9	"0.429"	778.9	1.659	26.7	2.53	29.23	13869.9	9858.3	423.7	43.56	5	3.45	4.7	70.57	36.59	36	34.57	-2.02
4333	2018-11-01	4	92	2.84	719.7	"4.333"	720	2.66	27.66	1.32	28.98	13653	9760.4	398	51.64	4.58	3.38	4.84	69.11	41.45	38.32	30.79	-10.66
4333	2018-11-08	4	99	2.9	729.6	"2.571"	728.3	0.607	26.67	1.56	28.23	13315	9534.1	361.8	51.69	4.44	3.47	4.84	67.86	41.08	37.44	30.42	-10.66
4333	2018-11-15	4	106	2.9	728.4	"-1.429"	729.8	-0.099	27.25	1.4	28.64	13319.8	9449.1	369.5	49	3.98	3.54	4.82	68.72	36.95	35.08	33.64	-3.32
4333	2018-11-22	4	113	2.86	729.9	"-1"	729	-0.328	24.93	1.03	25.96	13067.7	9226.9	347.8	46.22	4.13	3.51	4.8	63.18	35.42	36.03	27.15	-8.27
4369	2018-11-01	3	73	2.57	750.2	"2.8"	748.4	2.712	32.45	1.02	33.47	12939.1	9202.1	336.4	39.93	4.9	3.95	4.67	78.12	34.23	45.89	32.23	-2
4369	2018-11-08	3	80	2.7	758.3	"3"	760.2	2.072	31.28	0.68	31.96	12726.6	8986.8	316.4	36.95	4.92	4.02	4.59	75.41	31.76	37.88	37.53	5.78
4369	2018-11-15	3	88	2.82	762.8	"0.5"	761.9	0.25	33.22	0.66	33.88	12598.7	8829.8	299.8	39.85	4.92	4.06	4.69	78.87	34.5	46.33	32.54	-1.96
4369	2018-11-22	3	94	2.8	771	"-0.167"	769.5	0.632	30.75	0.86	31.61	12656.8	8922.4	291.5	38.16	4.99	4.04	4.75	74.77	33.33	42.45	32.33	-1
4393	2018-11-01	3	69	1.68	661.8	"-10.5"	662	-8.547	30.89	0.66	31.54	13035.8	9196.9	297.8	58.15	4	2.94	4.35	73.07	41	38.23	34.84	-6.16
4393	2018-11-08	3	76	1.61	661.7	"4"	663.4	4.906	29.91	0.93	30.85	13330.1	9285.4	301.1	59.76	4.46	2.89	4.33	71.89	44.5	39.04	32.85	-11.65
4393	2018-11-15	3	83	1.71	671.9	"-3"	669	-4.495	31.25	1.21	32.46	13508.4	9398.2	310	56.89	3.49	3	4.35	74.77	37.6	37.73	37.04	-0.56
4393	2018-11-22	3	90	1.71	656	"1.714"	656.1	2.76	27.15	1	28.15	13682.1	9533.7	318.7	53.56	3.78	3.01	4.38	66.62	36.94	35.04	31.59	-5.35
4534	2018-11-01	2	47	3.09	690.4	"1"	691.1	0.164	22.79	2.27	25.06	13689.2	9638.5	324.4	42.04	4.16	3.22	4.84	61.25	31.72	35.79	25.46	-6.26
4534	2018-11-08	2	54	3.1	704	"1"	704.6	2.36	22.58	2.64	25.22	13600.8	9654.4	328.3	41.85	3.85	3.26	4.84	61.79	30.48	34.72	27.06	-3.42
4534	2018-11-15	2	61	3.1	706.2	"-2.167"	706.2	-1.676	24.07	2.34	26.41	13615	9653.1	331.2	42.19	4.44	3.31	4.76	64.18	32.97	35.69	28.49	-4.48
4534	2018-11-22	2	68	3.1	701	"1.857"	699.3	-0.02	20.97	2.64	23.61	13550	9493.8	329.8	41.53	3.92	3.18	4.81	58.36	30.28	34.39	23.97	-6.31
4536	2018-11-01	2	42	2.51	687	"4"	686.3	3.099	26.44	0.92	27.36	13182.1	9367.4	321.5	39.25	4.4	3.13	4.68	65.48	30.07	40.57	24.91	-5.16
4536	2018-11-08	2	49	2.6	691	"-8.333"	690.8	-1.134	26.93	1.23	28.16	12982	9343.3	325.9	44.45	4.74	3.2	4.65	67.2	35.58	37.93	29.26	-6.31
4536	2018-11-15	2	56	2.67	684.8	"3.75"	684.2	0.273	28.37	1.47	29.83	12672.2	9155.1	320.2	47.42	5.02	3.2	4.7	70.31	39.26	41.4	28.91	-10.35
4536	2018-11-22	2	63	2.7	678.8	"-16.8"	692	0.95	25.89	1.13	27.02	12553.4	9016.3	313.9	46.43	4.33	3.27	4.77	64.99	35.77	41.14	23.85	-11.92
4540	2018-11-01	2	41	3	625.8	"1"	626.5	-1.721	23.57	1.94	25.51	12510.6	9054.4	310.9	40.45	3.77	3.15	4.33	61.3	28.11	31.55	29.75	1.64
4540	2018-11-08	2	48	3.01	624.9	"2.833"	626.5	1.114	23.12	2.19	25.31	12491	9075.4	311.5	42.45	3.91	3.19	4.35	60.93	30.19	31.01	29.92	-0.27
4540	2018-11-15	2	55	3.1	631.8	"-1.5"	629.2	0.028	23.58	2.18	25.76	12770.1	9388.3	332.3	42.19	3.71	3.17	4.34	61.87	29.11	32.24	29.62	0.51
4540	2018-11-22	2	62	3.1	625	"-3.8"	623.6	-1.729	19.87	2.38	22.24	13096.6	9458.4	355.5	38.98	3.74	3.2	4.4	54.69	27.18	32.34	22.36	-4.82
4547	2018-11-01	2	69	2.99	756.7	"-0.333"	754.1	-2.572	29.25	1.71	30.96	13840.6	9649	376	50.14	3.86	3.31	4.81	73.5	36.66	40.23	33.27	-3.39
4547	2018-11-08	2	76	2.91	755.9	"-1.143"	760.6	3.025	28.62	1.91	30.54	14275.6	9831	391.4	50.96	3.62	3.35	4.8	72.81	36.19	37.76	35.05	-1.15
4547	2018-11-15	2	83	3.07	770.8	"0.667"	766.6	-1.4	29.11	1.79	30.9	14870.1	10244.1	421.4	49.91	4.09	3.43	4.77	73.64	37.77	37.32	36.31	-1.46
4547	2018-11-22	2	90	3.07	771.7	"1"	771	2.487	26.5	2.18	28.68	15543.3	10448.4	455.1	46.88	3.75	3.46	4.77	69.37	34.08	37.09	32.29	-1.79
4628	2018-11-01	1	178	3	652.2	"-5.5"	661.2	-6.07	26.15	0.87	27.02	15831.7	10560.6	469.3	31.83	4.69	3.51	4.97	64.55	26.33	37.34	27.21	0.88
4628	2018-11-08	1	185	3.03	652.8	"2"	653	2.197	24.37	1.49	25.86	15655.8	10325.9	454.8	35.37	5.33	3.49	4.94	62.2	31.27	41.65	20.55	-10.72
4628	2018-11-15	1	192	3.04	666.7	"8.75"	663.7	-0.362	26.24	1.44	27.69	15538.9	10200.2	435.8	34.09	4.51	3.54	5.02	65.95	27.67	41.46	24.49	-3.18
4628	2018-11-22	1	199	3	648.3	"-6.143"	650.8	-1.801	23.09	1.43	24.52	15240.7	10240.7	414	31.39	4.78	3.47	4.96	59.57	26.08	40.04	19.53	-6.55
4629	2018-11-01	1	159	3.26	629.9	"-1.333"	629.8	-0.798	21.12	1.43	22.55	14985.2	10126.7	391.4	31.22	4.14	3.57	4.99	55.3	24.3	32.71	22.59	-1.71
4629	2018-11-08	1	166	3.2	654.7	"8"	652.3	4.763	20.88	1.93	22.81	14877.6	9937.5	368.8	31.26	4.03	3.54	4.99	56.15	23.96	34.76	21.4	-2.57
4629	2018-11-15	1	173	3.27	646	"-4.571"	649	-2.358	22.81	1.62	24.43	14943.5	10156.9	361	32.4	4.27	3.56	4.96	59.38	25.54	35.98	23.4	-2.14
4629	2018-11-22	1	180	3.3	653.4	"-1"	651.7	0.55	19.04	2.05	21.09	15094.9	10227.1	371.5	29.71	4.14	3.59	4.93	52.57	23.08	33.43	19.15	-3.93
4638	2018-11-01	1	211	2.5	594.8	"-1.4"	594.4	0.854	20.07	1.12	21.18	15321.4	10376.6	383	30.58	3.89	3.2	4.68	52.06	22.08	33	19.06	-3.02
4638	2018-11-08	1	218	2.5	600.5	"2.5"	600.3	0.364	19.38	1.28	20.66	15392.2	10550.8	385	30.04	3.82	3.25	4.7	51.08	21.6	31.72	19.36	-2.23
4638	2018-11-15	1	225	2.6	596.4	"1.833"	596.5	-0.27	19.68	1.18	20.86	15485.1	10600.9	399.1	29.86	3.79	3.24	4.74	51.41	21.43	32.56	18.85	-2.58
4638	2018-11-22	1	232	2.6	604	"0.833"	605.2	2.065	17.86	1.27	19.13	15697.7	10738.9	418.1	28.3	3.74	3.2	4.62	47.83	19.98	30.42	17.41	-2.56
4642	2018-11-01	1	157	2.79	610.9	"-1.5"	611.2	-0.688	23.82	1.31	25.13	15770.1	10804.4	433.3	33.29	4.33	3.64	4.89	60.27	26.47	34.11	26.16	-0.32
4642	2018-11-08	1	164	2.81	619.8	"8.5"	618.9	1.914	21.7	1.29	22.99	15280.9	10476.3	412.7	32.65	4.52	3.7	4.87	56.09	26.64	33.99	22.1	-4.54
4642	2018-11-15	1	171	2.87	613.9	"-1.286"	612.6	-2.571	21.95	1.62	23.57	14963.8	10337.9	390.7	32.33	4.4	3.67	4.87	57.24	25.98	35.43	21.81	-4.17
4642	2018-11-22	1	178	2.8	612.1	"-0.286"	611.9	1.698	19.72	1.83	21.55	14773.1	10248.8	383.2	31.1	4.54	3.68	4.84	52.99	25.36	34.96	18.03	-7.32
4650	2018-11-01	1	154	3.39	683.6	"-2.167"	684.7	0.315	23.43	1.4	24.83	14368.7	10039.5	375.3	28.71	4.87	3.72	5.14	60.52	24.7	36.08	24.44	-0.27
4650	2018-11-08	1	161	3.4	658.7	"-6"	658.2	-6.44	19.83	0.95	20.78	14218.5	9946.9	372.1	26.44	5.72	3.53	5.14	51.61	24.53	33.33	18.28	-6.25
4650	2018-11-15	1	168	3.34	653.4	"0.571"	651.8	0.979	20.61	1.51	22.13	14098.7	9868.3	360.3	27.48	5.25	3.72	5.17	54.62	24.66	33.82	20.8	-3.86
4650	2018-11-22	1	175	3.3	643.5	"-0.429"	644.8	-1.166	17.71	1.97	19.68	13877	9830.2	343.7	27.04	5.03	3.84	5.06	49.49	23.75	31.33	18.16	-5.59
4651	2018-11-01	1	167	3.53	687.3	"4"	689.2	1.735	23.4	1.33	24.73	14095.8	9966.4	342.9	30.4	4.64	3.8	4.83	60.36	25.25	32.41	27.95	2.7
4651	2018-11-08	1	174	3.54	700.9	"1.143"	699.5	0.89	22.46	1.55	24.01	13967.9	9997.2	337.5	31.03	4.85	3.82	4.8	59	26.39	33.57	25.43	-0.95
4651	2018-11-15	1	181	3.6	702.3	"1.143"	701.8	-0.184	23.01	1.75	24.76	14259.7	10109.4	340.9	31.04	5.03	3.77	4.82	60.67	26.83	35.54	25.12	-1.71
4651	2018-11-22	1	188	3.6	695.1	"-0.571"	696.3	-0.239	19.26	1.94	21.2	14410.4	10129.5	347.6	28.84	4.77	3.76	4.81	53.11	24.22	32.85	20.26	-3.96
4653	2018-11-01	1	150	3.5	712.2	"-0.4"	712.6	0.456	21.78	1.38	23.16	14219.1	10018.7	325.5	29.36	3.71	3.51	5.05	57.36	21.66	35.42	21.94	0.28
4653	2018-11-08	1	157	3.5	706.6	"-7.833"	710.7	-0.537	20.55	1.64	22.19	14274.6	9942.9	346.4	30.38	3.44	3.57	5.02	55.26	21.7	36.93	18.33	-3.37
4653	2018-11-15	1	164	3.5	726	"18.667"	720.4	1.308	21.5	1.3	22.8	14453.2	9780.3	356.5	29.68	3.44	3.47	5.01	56.61	21.01	34.68	21.93	0.92
4653	2018-11-22	1	171	3.5	719	"-4.8"	720.6	1.398	19.35	2.02	21.37	13907.2	9385.2	346.3	29.7	3.23	3.44	4.98	53.59	20.38	32.1	21.49	1.11
4655	2018-11-01	1	149	3.23	629.6	"-2"	629.1	-0.263	19.92	1.9	21.82	13906.6	9268	352.2	26.99	3.55	3.78	4.98	53.87	19.81	33.27	20.61	0.79
4655	2018-11-08	1	156	3.21	626	"1.4"	626.1	-0.376	18.23	1.86	20.08	13529.9	9100	348.6	24.75	4.04	3.67	4.88	50.16	19.05	32.81	17.35	-1.7
4655	2018-11-15	1	163	3.2	627	"4"	624.4	0.268	19.02	2.23	21.25	13654.3	9194.3	360.8	26.52	3.65	3.77	4.94	52.67	19.67	34.21	18.46	-1.21
4655	2018-11-22	1	170	3.26	626.6	"-0.2"	627.6	0.314	16.85	2.73	19.58	13644.5	9180.1	377.5	26.06	3.7	3.79	4.93	49.3	19.46	33.16	16.14	-3.33
4660	2018-11-01	1	178	3.4	756	"-0.833"	755.7	-0.162	21.6	0.91	22.51	13493.6	9140	368.4	24.49	4.86	3.92	4.92	56.01	21.08	33.38	22.63	1.55
4660	2018-11-08	1	185	3.4	765.7	"3.8"	763.9	2.252	20.44	1.6	22.04	13500	9331.4	378.2	26.1	4.65	3.94	4.93	55.38	22.02	34.22	21.16	-0.85
4660	2018-11-15	1	192	3.45	764.5	"-3"	765.5	-1.827	21.88	1.34	23.22	13740.7	9465.1	396.3	25.38	4.65	3.91	4.95	57.87	21.37	33.98	23.89	2.51
4660	2018-11-22	1	199	3.47	766.3	"2.143"	766.2	2.241	18.24	1.62	19.86	13775.5	9510.6	408.9	22.97	4.83	3.95	4.87	50.49	19.72	33.46	17.03	-2.69
