Pig	Distance	Phase	C1	C2	AA1	CA1	C3	CA2	AA2	P1	C4	PC1	AA3	P2	C5	PC2	AA4	P3	C6	CA3	AA5	P4	CA4	CA5	AA6	C7	C8	CA6	A1	C9	C10	CA7	A2
"H1"	0	"Fresh"	0.000	0.780	0.747	0.700	0.000	1.056	1.855	1.112	0.000	0.002	0.000	0.827	0.509	1.095	0.441	0.000	0.228	1.440	0.000	0.000	0.333	1.066	0.000	0.414	0.000	0.000	0.855	0.114	0.000	1.582	1.518
"H2"	0	"Fresh"	0.000	0.000	0.000	0.000	0.000	0.000	0.000	0.000	0.000	0.001	0.000	0.000	0.000	0.000	0.000	0.000	0.000	0.000	0.000	0.010	0.000	0.000	0.000	0.000	0.000	0.000	0.000	0.000	0.000	0.000	0.000
"H3"	0	"Fresh"	1.609	1.274	0.594	0.810	0.163	1.190	1.382	0.722	0.025	0.000	0.059	0.658	0.797	1.018	0.413	0.000	1.615	1.339	0.000	0.045	0.269	1.192	0.000	1.864	0.338	0.000	0.603	0.000	0.139	1.394	1.791
"H1"	0	"Bloat"	0.863	0.967	1.068	0.523	0.374	0.397	1.484	0.610	0.000	0.000	0.434	0.545	1.184	0.445	0.696	0.323	0.663	1.235	0.000	0.433	0.171	0.133	0.000	0.591	0.225	0.000	0.664	0.000	0.245	0.252	0.560
"H2"	0	"Bloat"	0.606	0.890	0.711	0.737	0.629	0.908	1.589	0.702	0.120	0.000	0.341	0.751	0.894	0.801	0.490	0.691	1.050	1.008	0.000	0.577	0.287	0.498	0.228	1.234	0.311	0.003	0.644	0.466	0.325	0.583	1.103
"H3"	0	"Bloat"	0.000	0.297	0.550	0.602	0.511	0.563	1.454	0.526	0.000	0.026	0.000	0.462	0.573	0.792	0.904	0.173	0.584	0.687	0.000	0.588	0.000	0.362	0.060	0.000	0.086	0.000	0.749	0.000	0.233	1.020	0.593
"H1"	0	"Active"	1.206	1.203	0.972	0.484	0.082	1.603	1.735	0.308	0.000	0.000	0.202	0.099	1.231	1.111	0.623	0.520	0.448	1.361	0.000	0.427	0.260	1.445	0.000	1.160	0.000	0.000	0.012	0.303	0.000	0.001	0.570
"H2"	0	"Active"	0.591	1.172	0.454	0.000	0.000	1.521	1.538	0.517	0.000	0.000	0.000	0.416	0.589	0.889	0.325	0.000	0.945	1.100	0.306	0.927	0.016	1.356	0.060	0.843	0.543	0.000	0.023	0.206	0.096	0.243	0.840
"H3"	0	"Active"	0.959	0.956	0.391	0.442	0.000	0.854	1.242	0.073	0.000	0.315	0.326	0.097	0.720	0.778	0.000	0.000	1.165	0.894	0.000	0.682	0.204	0.982	0.000	1.078	0.266	0.000	0.394	0.000	0.000	0.754	0.715
"H1"	0	"Advanced"	0.912	0.372	1.044	0.235	0.000	0.843	1.395	0.064	0.167	0.000	0.000	0.000	0.292	0.961	0.000	0.011	1.019	0.877	0.000	0.037	0.253	0.589	0.000	0.612	0.000	0.000	0.000	0.000	0.027	0.000	0.825
"H2"	0	"Advanced"	0.004	1.183	1.527	0.534	0.000	1.583	1.707	0.248	0.074	0.050	0.000	0.110	1.345	1.533	0.000	0.112	0.410	1.705	0.038	0.104	1.437	1.281	0.000	0.000	0.046	0.000	0.000	0.011	0.017	0.050	0.871
"H3"	0	"Advanced"	0.000	1.192	1.087	0.540	0.105	1.563	1.614	0.293	0.139	0.000	0.000	0.249	2.016	1.443	0.455	0.000	0.461	1.749	0.000	0.000	0.928	1.384	0.000	0.745	0.095	0.000	0.000	0.000	0.000	0.000	0.825
"H1"	0	"Dry"	0.000	1.265	1.068	0.182	0.099	1.522	1.676	0.315	0.000	0.100	0.022	0.000	1.427	1.273	0.000	0.000	0.335	1.659	0.000	0.185	0.769	2.064	0.000	0.014	0.000	0.000	0.047	0.400	0.087	0.166	0.651
"H2"	0	"Dry"	0.000	1.748	1.419	0.610	0.012	1.952	1.981	0.403	0.035	0.010	0.000	0.000	1.180	1.632	0.129	0.000	0.000	1.773	0.000	0.000	0.972	1.582	0.000	0.035	0.000	0.000	0.223	0.000	0.000	0.064	0.790
"H3"	0	"Dry"	0.590	0.992	0.700	0.322	0.234	1.212	1.549	0.320	0.003	0.150	0.000	0.080	1.157	1.131	0.863	0.000	0.947	1.509	0.000	0.090	0.432	1.290	0.000	1.071	0.000	0.000	0.245	0.291	0.362	0.517	0.955
"H2"	200	"Fresh"	0.408	0.329	1.417	0.908	0.150	1.655	2.236	1.653	0.000	0.000	0.188	1.083	0.932	0.946	1.267	0.111	0.682	1.433	0.000	0.246	0.000	0.436	0.165	0.363	0.031	0.000	1.096	0.000	0.000	1.948	1.868
"H3"	200	"Fresh"	0.000	0.000	0.000	0.000	0.000	0.000	0.007	0.000	0.000	0.000	0.000	0.427	0.000	0.000	0.000	0.000	0.000	0.000	0.000	0.000	0.000	0.000	0.000	0.219	0.058	0.000	0.000	0.000	0.000	0.000	0.000
"H2"	200	"Bloat"	1.084	0.642	0.363	0.624	0.000	0.555	1.516	0.755	0.000	0.797	0.000	1.016	0.801	1.063	0.060	1.372	1.006	1.128	0.000	0.877	0.304	0.885	0.000	0.703	0.926	0.000	1.259	0.191	0.124	1.098	1.233
"H3"	200	"Bloat"	0.904	0.510	0.909	0.696	0.257	0.906	1.337	0.920	0.000	0.679	0.000	0.756	0.422	0.736	0.883	0.695	0.876	0.948	0.000	0.786	0.054	0.456	0.000	0.162	0.216	0.000	0.454	0.158	0.118	1.213	1.262
"H2"	200	"Active"	1.186	0.512	0.631	0.706	0.000	0.666	1.316	0.659	0.000	0.806	0.377	0.698	0.249	0.869	0.478	0.000	0.000	0.975	0.000	0.960	0.385	0.335	0.000	1.226	0.626	0.000	0.608	0.011	0.091	0.891	0.954
"H3"	200	"Active"	0.440	0.615	0.978	0.788	0.000	0.998	1.530	0.612	0.000	0.397	0.000	0.797	0.475	0.987	0.693	0.000	0.659	1.275	0.000	0.842	0.000	0.609	0.000	0.000	0.000	0.000	0.817	0.871	0.038	0.990	1.290
"H2"	200	"Advanced"	1.415	0.529	0.487	0.461	0.000	0.732	1.169	0.582	0.000	0.146	0.000	1.003	0.571	0.599	0.285	0.087	0.082	0.865	0.000	0.179	0.181	0.644	0.000	0.020	0.136	0.000	0.211	0.489	0.098	0.853	1.068
"H3"	200	"Advanced"	0.000	0.233	0.570	0.488	0.000	0.631	1.455	0.494	0.000	0.549	0.580	0.536	0.118	0.703	0.217	0.000	0.277	0.775	0.000	0.000	0.000	0.072	0.000	0.000	0.000	0.000	1.043	0.112	0.083	0.923	1.169
"H2"	200	"Dry"	0.950	0.769	0.597	0.682	1.097	1.027	1.416	0.637	0.000	0.105	0.605	0.717	0.594	0.786	0.449	0.993	0.535	1.109	0.000	0.872	0.608	1.097	0.000	0.691	0.623	0.000	0.565	0.068	0.080	1.027	0.891
"H3"	200	"Dry"	0.031	0.092	1.175	0.636	0.000	0.893	1.795	0.633	0.000	0.899	0.417	0.539	0.030	1.059	0.811	0.000	0.318	0.976	0.108	0.329	0.753	0.420	0.000	0.072	0.689	0.070	0.543	0.000	0.227	1.080	1.317
