Pig	Phase	Distance	BA	BR	DOC	FI	HIX	BIX	SR	pC1	pC2	pC3	pC4
"H1"	"Fresh"	"m50"	9.16E+06	1.69	0.868	1.046	2.851	0.723	1.637	70.215	12.476	17.31	0
"H1"	"Fresh"	"m20"	1.33E+07	2.04	1.242	1.129	6.233	0.505	1.36	80.28	7.708	12.012	0
"H1"	"Fresh"	"0"	1.24E+07	1.484	0.615	1.048	3.806	0.619	1.515	76.101	9.137	14.762	0
"H1"	"Fresh"	"20"	2.31E+07	3.349	0.512	1.027	1.956	0.976	1.687	65.891	10.82	20.776	2.513
"H1"	"Fresh"	"50"	1.17E+07	1.732	0.644	1.012	2.001	0.846	1.644	65.56	11.42	20.785	2.235
"H2"	"Fresh"	"m50"	2.93E+07	11.564	0.565	0.846	1.65	1.05	1.729	62.058	8.757	24.583	4.601
"H2"	"Fresh"	"m20"	1.05E+07	7.339	1.056	1.071	5.632	0.508	1.335	75.753	10.926	13.321	0
"H2"	"Fresh"	"0"	8.79E+06	10.616	0.828	1.157	2.956	0.617	1.559	72.79	8.542	18.668	0
"H2"	"Fresh"	"20"	6.82E+06	4.768	0.613	1.046	2.908	0.686	1.705	75.386	5.921	18.694	0
"H2"	"Fresh"	"50"	1.37E+07	7.129	0.596	0.963	2.103	0.876	1.764	66.99	11.088	21.922	0
"H2"	"Fresh"	"100"	1.23E+07	2.057	0.45	0.89	1.972	0.897	1.745	64.569	11.631	19.977	3.824
"H2"	"Fresh"	"200"	1.22E+07	10.015	0.481	1.051	2.24	0.783	1.602	69.561	10.041	20.398	0
"H3"	"Fresh"	"m50"	4.73E+06	7.718	0.557	1.082	1.693	0.932	1.576	65.07	9.157	21.893	3.881
"H3"	"Fresh"	"m20"	5.39E+06	3.057	0.572	1.017	2.351	0.73	1.427	71.395	8.534	20.07	0
"H3"	"Fresh"	"0"	6.01E+06	3.304	0.517	0.834	1.683	1.197	1.588	61.175	12.334	23.514	2.977
"H3"	"Fresh"	"20"	5.18E+06	11.795	0.56	1.016	2.402	0.737	1.743	69.918	11.01	19.072	0
"H3"	"Fresh"	"50"	3.96E+06	11.814	0.493	0.943	1.987	0.902	1.554	67.12	10.562	20.825	1.493
"H3"	"Fresh"	"100"	5.62E+06	8.169	0.877	0.925	4.272	0.508	1.729	76.032	8.771	15.196	0
"H3"	"Fresh"	"200"	4.82E+06	8.101	0.779	0.915	2.215	0.737	1.615	68.095	11.799	20.107	0
"H1"	"Bloat"	"m50"	4.79E+06	2.287	0.591	1.004	3.163	0.688	1.586	64.308	20.096	15.596	0
"H1"	"Bloat"	"m20"	4.49E+06	0.524	0.796	1.02	3.941	0.546	1.442	77.749	7.394	14.857	0
"H1"	"Bloat"	"0"	4.78E+06	1.108	0.724	1.193	4.708	0.582	1.172	76.959	9.781	13.26	0
"H1"	"Bloat"	"20"	4.63E+06	0.504	0.48	0.913	2.739	0.696	1.449	70.609	11.934	17.458	0
"H1"	"Bloat"	"50"	6.30E+06	2.238	1.345	1.142	8.377	0.459	1.645	80.283	9.055	10.662	0
"H2"	"Bloat"	"m50"	5.79E+06	22.019	0.284	0.832	1.536	0.975	1.651	58.674	10.967	26.787	3.572
"H2"	"Bloat"	"m20"	6.34E+06	7.479	0.384	0.992	2.492	0.751	1.587	71.212	8.541	20.247	0
"H2"	"Bloat"	"0"	1.28E+07	2.548	0.302	0.969	1.754	1.032	1.608	63.691	11.107	23.278	1.925
"H2"	"Bloat"	"20"	1.80E+07	1.694	0.352	0.876	1.914	0.914	1.546	64.442	11.985	23.574	0
"H2"	"Bloat"	"50"	1.28E+07	2.189	0.343	0.994	2.24	0.811	1.669	68.774	10.179	21.047	0
"H2"	"Bloat"	"100"	2.62E+07	1.937	1.036	1.108	4.374	0.498	1.346	78.134	7.052	14.814	0
"H2"	"Bloat"	"200"	8.09E+06	1.862	1.155	1.202	6.54	0.538	1.063	76.391	10.879	12.73	0
"H3"	"Bloat"	"m50"	6.44E+06	31.648	0.868	1.149	5.981	0.505	1.416	78.387	8.785	12.828	0
"H3"	"Bloat"	"m20"	9.94E+06	6.846	0.944	1.156	5.541	0.519	1.443	78.312	8.829	12.858	0
"H3"	"Bloat"	"0"	3.74E+06	2.435	0.698	0.934	3.704	0.528	1.474	76.073	6.589	17.338	0
"H3"	"Bloat"	"20"	4.25E+06	2.588	0.585	0.967	3.591	0.604	1.349	76.22	5.609	18.171	0
"H3"	"Bloat"	"50"	4.79E+06	2.897	1.073	1.036	5.179	0.587	1.384	75.882	10.758	13.359	0
"H3"	"Bloat"	"100"	6.36E+06	2.255	0.808	1.138	3.641	0.612	1.661	75.166	8.39	16.443	0
"H3"	"Bloat"	"200"	6.86E+06	2.32	0.426	0.961	2.317	0.708	1.293	69.429	10.663	19.907	0
"H1"	"Active"	"m50"	4.00E+06	4.139	0.617	1.178	1.982	0.741	1.632	67.965	10.948	21.086	0
"H1"	"Active"	"m20"	6.25E+06	4.568	1.046	1.169	3.679	0.577	1.645	73.425	10.968	15.607	0
"H1"	"Active"	"0"	5.57E+06	15.564	0.814	0.923	2.348	0.704	1.69	66.349	14.426	19.225	0
"H1"	"Active"	"20"	4.65E+06	4.21	0.503	0.994	2.288	0.796	1.509	67.52	11.409	21.071	0
"H1"	"Active"	"50"	5.34E+06	2.807	0.33	0.998	1.732	0.848	1.651	63.549	11.888	24.269	0.294
"H2"	"Active"	"m50"	6.15E+06	2.815	0.372	1.148	1.969	0.788	1.557	67.443	10.609	21.948	0
"H2"	"Active"	"m20"	4.98E+06	2.94	0.487	0.867	2.131	0.799	1.636	66.314	12.568	21.119	0
"H2"	"Active"	"0"	1.31E+07	73.642	2.892	1.196	1.901	0.612	1.43	51.996	13.032	34.973	0
"H2"	"Active"	"20"	6.89E+06	7.859	0.514	1.105	3.371	0.592	1.694	71.976	9.682	18.342	0
"H2"	"Active"	"50"	6.38E+06	3.062	0.35	0.983	2.271	0.72	1.156	71.235	7.347	21.417	0
"H2"	"Active"	"100"	1.31E+07	1.235	0.412	0.962	2.222	0.765	1.642	65.807	14.726	19.466	0
"H2"	"Active"	"200"	3.13E+07	9.161	0.849	1.049	3.739	0.633	1.605	70.427	13.897	15.675	0
"H3"	"Active"	"m50"	7.97E+06	0.967	0.333	1.057	1.848	0.919	1.628	65.352	11.735	22.913	0
"H3"	"Active"	"m20"	5.06E+07	5.932	0.851	1.098	2.45	0.724	1.609	68.109	10.034	21.857	0
"H3"	"Active"	"0"	2.22E+07	2.838	0.417	1.053	2.331	0.729	1.716	68.754	10.731	20.515	0
"H3"	"Active"	"20"	1.42E+07	6.546	0.365	0.965	1.454	1.038	1.529	60.237	9.121	23.899	6.743
"H3"	"Active"	"50"	1.65E+07	6.891	1.224	1.065	1.931	0.841	1.652	68.293	8.966	22.741	0
"H3"	"Active"	"100"	8.35E+06	5.793	0.386	1.066	2.023	0.77	1.443	68.095	8.798	23.108	0
"H3"	"Active"	"200"	9.96E+06	4.5	0.383	1.12	3.634	0.584	1.627	71.341	12.027	16.632	0
"H1"	"Advanced"	"m50"	1.50E+07	5.313	1.181	1.156	3.052	0.672	1.585	69.605	13.566	16.829	0
"H1"	"Advanced"	"m20"	1.07E+07	57.369	3.279	1.161	3.738	0.585	1.348	62.572	17.009	20.419	0
"H1"	"Advanced"	"0"	6.60E+07	116.56	4.748	1.299	2.547	0.688	1.34	54.138	17.791	28.071	0
"H1"	"Advanced"	"20"	3.02E+07	88.309	3.908	1.365	2.545	0.714	1.371	53.272	18.49	28.239	0
"H1"	"Advanced"	"50"	5.76E+06	16.208	0.853	0.965	1.547	1.078	1.682	54.596	18.192	25.861	1.352
"H2"	"Advanced"	"m50"	6.84E+06	11.885	0.88	1.088	2.689	0.731	1.579	68.214	11.843	19.943	0
"H2"	"Advanced"	"m20"	4.13E+07	30.159	2.232	1.152	2.787	0.696	1.522	57.73	17.419	24.85	0
"H2"	"Advanced"	"0"	5.53E+07	15.597	4.187	1.142	4.876	0.552	1.067	69.342	10.41	20.249	0
"H2"	"Advanced"	"20"	1.57E+07	10.832	1.644	1.149	3.057	0.72	1.515	60.684	17.055	22.261	0
"H2"	"Advanced"	"50"	8.42E+06	2.792	0.59	1.122	2.64	0.703	1.586	68.871	12.264	18.864	0
"H2"	"Advanced"	"100"	8.94E+06	3.914	0.764	1.175	2.836	0.624	1.565	67.653	13.567	18.781	0
"H2"	"Advanced"	"200"	8.63E+06	3.473	1.026	1.122	3.736	0.673	1.456	70.009	14.219	15.773	0
"H3"	"Advanced"	"m50"	8.28E+06	3.575	0.491	1.169	2.337	0.685	1.617	68.674	9.191	22.136	0
"H3"	"Advanced"	"m20"	4.27E+07	97.49	3.457	1.421	3.336	0.629	1.237	56.685	22.051	21.265	0
"H3"	"Advanced"	"0"	1.66E+08	95.746	6.461	1.461	2.862	0.689	1.014	52.775	22.2	25.025	0
"H3"	"Advanced"	"20"	7.24E+06	7.495	0.787	1.115	2.38	0.674	1.597	64.173	13.383	22.445	0
"H3"	"Advanced"	"50"	5.62E+06	3.454	0.276	0.981	2.091	0.837	1.586	66.353	10.689	22.958	0
"H3"	"Advanced"	"100"	1.02E+07	2.571	0.786	1.287	4.001	0.58	1.446	73.021	10.399	16.58	0
"H3"	"Advanced"	"200"	7.84E+06	3.227	0.568	1.123	2.88	0.723	1.508	69.819	11.77	18.411	0
"H1"	"Dry"	"m50"	8.61E+06	4.771	0.963	1.181	3.795	0.555	1.542	71.527	12.746	15.727	0
"H1"	"Dry"	"m20"	1.56E+07	34.409	2.29	1.141	4.856	0.535	1.359	69.82	13.935	16.245	0
"H1"	"Dry"	"0"	1.54E+07	84.449	1.537	1.112	2.391	0.686	1.646	57.726	17.407	24.868	0
"H1"	"Dry"	"20"	2.41E+07	8.774	1.212	1.144	3.189	0.674	1.572	67.219	15.515	17.266	0
"H1"	"Dry"	"50"	1.09E+07	3.129	0.827	1.025	3.105	0.579	1.604	70.05	12.334	17.615	0
"H2"	"Dry"	"m50"	1.13E+07	53.296	0.452	1.009	2.328	0.843	1.611	68.369	11.455	20.176	0
"H2"	"Dry"	"m20"	5.17E+07	58.497	5.235	1.207	6.35	0.554	1.057	66.35	19.187	14.463	0
"H2"	"Dry"	"0"	1.06E+08	34.009	3.051	1.238	4.298	0.622	1.22	64.012	18.088	17.9	0
"H2"	"Dry"	"20"	2.25E+07	6.519	0.814	1.058	2.99	0.784	1.608	64.262	16.442	19.296	0
"H2"	"Dry"	"50"	6.42E+06	2.47	0.328	1.07	2.438	0.718	1.689	70.591	9.357	20.052	0
"H2"	"Dry"	"100"	8.38E+06	2.604	0.612	1.081	3.623	0.619	1.593	71.031	12.922	16.047	0
"H2"	"Dry"	"200"	7.87E+06	2.123	0.542	1.02	2.627	0.701	1.564	67.478	14.624	17.899	0
"H3"	"Dry"	"m50"	1.60E+07	46.396	0.309	0.961	2.59	0.666	1.594	68.98	12.205	18.815	0
"H3"	"Dry"	"m20"	4.28E+07	69.813	2.095	1.247	3.205	0.686	1.389	61.515	17.395	21.09	0
"H3"	"Dry"	"0"	1.53E+08	75.772	1.893	1.257	3.414	0.693	1.465	60.761	18.643	20.596	0
"H3"	"Dry"	"20"	1.27E+07	73.538	1.703	1.008	2.977	0.592	1.173	64.122	15.304	20.574	0
"H3"	"Dry"	"50"	2.15E+07	40.636	1.182	1.145	2.708	0.604	1.737	60.463	16.648	22.889	0
"H3"	"Dry"	"100"	9.09E+06	15.121	0.739	1.168	3.642	0.576	1.487	72.126	12.196	15.677	0
"H3"	"Dry"	"200"	1.58E+07	8.981	1.254	1.237	5.406	0.497	1.235	72.506	14.754	12.74	0
"P1"	"Summer"	"m50"	1.39E+06	2.295	1.051	1.599	11.06	0.387	0.823	54.453	35.315	7.493	2.738
"P1"	"Summer"	"m20"	2.36E+07	2.295	2.785	1.624	11.186	0.448	0.883	50.549	40.629	8.542	0.28
"P1"	"Summer"	"0"	5.96E+06	13.005	3.837	1.589	10.258	0.474	1.066	52.042	38.032	9.629	0.297
"P1"	"Summer"	"20"	2.45E+06	0.765	0.628	1.423	4.658	0.495	0.781	44.951	32.52	16.354	6.175
"P1"	"Summer"	"50"	3.76E+05	0.765	0.775	1.378	10.674	0.376	0.997	54.963	34.441	6.265	4.33
"P1"	"Summer"	"100"	9.37E+05	0.765	0.861	1.667	8.788	0.431	0.915	55.164	31.775	8.512	4.55
"P1"	"Summer"	"200"	1.36E+06	0.765	0.569	1.626	4.41	0.51	1.072	42.091	35.627	17.166	5.116
"P2"	"Summer"	"m50"	3.17E+06	5.355	1.224	1.758	6.571	0.573	0.893	44.199	34.604	9.907	11.29
"P2"	"Summer"	"m20"	7.93E+06	9.945	5.12	1.572	6.237	0.65	0.852	40.212	43.761	13.195	2.832
"P2"	"Summer"	"0"	8.16E+06	6.885	6.253	1.599	9.023	0.636	0.816	43.355	43.579	10.445	2.621
"P2"	"Summer"	"20"	7.29E+06	4.59	1.065	1.599	5.962	0.502	0.953	42.139	38.395	10.311	9.156
"P2"	"Summer"	"50"	2.75E+06	6.12	0.598	1.818	3.247	0.625	1.243	32.09	32.481	15.507	19.923
"P2"	"Summer"	"100"	1.60E+06	5.355	0.7	1.698	5.633	0.653	0.834	39.615	39.581	8.026	12.777
"P2"	"Summer"	"200"	1.75E+06	5.355	0.669	1.329	5.192	0.559	0.829	40.294	36.723	9.1	13.884
"P3"	"Summer"	"m50"	2.81E+06	3.825	0.6	1.842	10.716	0.452	0.852	54.08	35.41	6.059	4.451
"P3"	"Summer"	"m20"	3.24E+06	6.12	0.483	1.473	6.451	0.502	1.192	49.158	33.651	11.218	5.973
"P3"	"Summer"	"0"	4.26E+06	6.885	0.636	1.482	8.391	0.442	0.884	48.058	38.689	9.843	3.411
"P3"	"Summer"	"20"	4.21E+06	2.295	0.624	1.465	7.197	0.474	0.863	46.55	38.449	12.541	2.46
"P3"	"Summer"	"50"	1.40E+06	3.06	0.339	1.609	8.192	0.606	0.827	47.674	37.846	8.792	5.688
"P3"	"Summer"	"100"	2.56E+06	3.825	0.481	1.758	8.475	0.333	0.921	52.245	33.905	8.335	5.515
"P3"	"Summer"	"200"	2.60E+06	8.415	0.415	1.627	5.208	0.357	1.139	45.756	33.812	16.53	3.902
